Channel 1,Channel 2
1889,1862
1966,1947
2047,2024
2129,2091
2210,2179
2292,2247
2363,2311
2438,2376
2510,2450
2571,2508
2645,2571
2692,2623
2744,2669
2793,2713
2837,2755
2865,2784
2898,2812
2918,2835
2929,2850
2942,2859
3983,3983
2935,2855
2929,2849
2909,2834
2891,2816
2865,2789
2817,2751
2775,2707
2730,2669
2676,2623
2618,2565
2558,2508
2484,2442
2412,2380
2343,2299
2273,2247
2183,2165
2102,2091
2021,2016
1940,1934
1852,1852
1781,1785
1692,1709
1611,1623
1539,1553
1465,1485
1390,1422
1325,1350
1264,1294
936,982
943,988
952,996
970,1009
990,1030
1021,1056
1062,1090
1107,1137
1151,1177
1205,1223
1265,1284
1325,1339
1390,1406
1473,1471
1539,1540
1611,1606
1700,1683
1782,1771
1861,1845
1939,1911
2028,2005
2096,2069
2183,2149
2273,2229
2345,2299
2408,2359
2492,2427
2558,2496
2620,2553
2683,2602
2730,2656
2779,2705
2818,2740
2859,2784
2891,2811
2911,2831
2929,2836
2937,2854
3983,3983
2940,2862
2929,2844
2917,2840
2895,2822
2871,2797
2827,2760
2788,2725
2744,2682
2694,2632
2638,2578
2571,2527
2502,2458
2441,2400
2357,2326
2292,2264
2207,2187
2129,2107
2038,2032
1966,1963
1879,1886
1799,1801
1718,1725
1638,1648
1552,1575
1483,1502
1423,1444
1338,1373
1278,1307
1217,1250
1170,1209
1111,1149
1075,1116
1030,1078
995,1039
974,1019
954,1000
948,994
5,5
936,982
952,990
959,1001
979,1020
1000,1037
1044,1079
1080,1112
1127,1150
1181,1206
1230,1250
1284,1307
1364,1365
1429,1437
1500,1503
1578,1565
1655,1649
1736,1726
1818,1793
1904,1886
1975,1954
2059,2033
2146,2109
2228,2190
2300,2256
2380,2325
2447,2393
2520,2458
2592,2522
2648,2582
2700,2631
2755,2675
2796,2725
2838,2759
2877,2794
2902,2820
2922,2841
2925,2850
3983,2860
2944,3983
2933,2856
2926,2848
2907,2830
2886,2814
2850,2769
2811,2742
2770,2705
2716,2657
2666,2612
2602,2554
2550,2492
2467,2427
2401,2365
2331,2299
2259,2232
2165,2147
2093,2083
2002,2006
1920,1921
1843,1844
1763,1768
1673,1691
1597,1606
1536,1549
1449,1475
1381,1406
952,997
936,984
936,981
948,990
954,997
974,1015
994,1029
1030,1061
1071,1103
1111,1142
1164,1189
1216,1234
1270,1294
1332,1345
1416,1416
1483,1486
1555,1551
1629,1615
1718,1708
1790,1777
1878,1852
1957,1937
2038,2015
2111,2090
2210,2165
2282,2239
2354,2305
2434,2373
2502,2442
2571,2508
2632,2559
2692,2623
2736,2655
2783,2708
2828,2750
2868,2788
2896,2814
2915,2826
2928,2849
2940,2857
3983,3983
2938,2861
2929,2849
2913,2838
2892,2812
2864,2792
2824,2754
2779,2718
2725,2669
2687,2623
2618,2571
2564,2515
2491,2450
2424,2383
2345,2311
2282,2248
2198,2181
2110,2094
2029,2024
1949,1945
1861,1870
1781,1786
1709,1717
1615,1632
1547,1560
1473,1494
1406,1435
1325,1352
1271,1301
1206,1244
1158,1194
1107,1145
1066,1108
1022,1071
990,1034
972,1017
952,998
945,992
5,982
940,5
952,996
961,1003
984,1022
1008,1042
1048,1083
1088,1120
1139,1161
1187,1214
1237,1256
1305,1313
1372,1381
1442,1449
1517,1511
1592,1588
1664,1657
1753,1733
1834,1819
1915,1898
1984,1969
2084,2049
2156,2124
2239,2198
2321,2268
2392,2340
2462,2407
2535,2467
2603,2539
2658,2586
2705,2636
2766,2692
2804,2729
2842,2762
2886,2803
2904,2824
2925,2842
2931,2849
3983,3983
2944,2863
2931,2856
2924,2845
2904,2827
2880,2809
2842,2772
2801,2733
2766,2701
2702,2647
2656,2598
2598,2545
2535,2489
2455,2413
2388,2350
2315,2290
2237,2214
2156,2141
2075,2066
1978,1989
1905,1906
1834,1835
1740,1750
1665,1674
1584,1598
1518,1533
